40 40
3 5
4 4
2 6
5 3
3 4
4 3
2 5
5 2
3 3
4 2
2 4
6 2
3 6
4 5
5 4
6 3
2 7
7 2
3 7
4 6
5 5
6 4
7 3
2 8
8 2
3 8
4 7
5 6
6 5
7 4
8 3
8 4
9 4
10 5
11 4
10 3
11 2
11 2
10 2
9 2
10 3
9 3
10 2
11 2
12 2
12 2
11 2
11 3
12 2
13 2
14 2
13 2
14 2
13 2
14 3
15 4
14 4
13 4
12 5
11 6
10 6
10 7
10 7
11 7
12 6
13 7
12 7
13 8
12 8
11 9
12 8
12 9
12 8
11 7
11 7
10 6
10 7
9 6
10 7
11 7
12 7
11 8
12 7
11 7
11 6
10 5
11 6
12 6
12 5
12 6
12 6
11 6
11 7
10 8
11 8
10 8
10 9
10 9
10 9
9 10
9 10
9 10
9 10
9 10
8 9
8 10
9 11
10 11
11 10
10 9
10 8
11 9
12 10
12 10
12 9
12 10
12 11
11 11
10 12
10 13
9 14
9 14
9 13
10 12
9 11
10 11
9 11
10 11
10 10
11 9
12 8
12 7
11 6
10 6
11 6
11 6
10 5
10 4
11 5
12 6
11 7
11 8
12 9
13 10
13 10
14 11
13 10
13 11
12 10
12 11
12 10
13 11
12 12
13 11
13 11
13 11
14 10
14 9
13 8
13 9
12 8
11 8
10 8
9 9
8 8
7 7
6 6
5 7
5 8
5 7
4 7
5 8
6 9
5 10
5 9
4 8
5 9
6 8
6 9
7 9
7 10
8 10
8 9
7 8
8 7
8 6
9 5
10 6
11 6
12 7
11 8
10 7
9 7
9 6
10 5
9 4
9 4
8 3
9 4
8 3
7 4
8 5
9 6
9 7
8 6
8 6
9 7
8 6
7 7
7 6
6 7
6 8
7 9
6 8
6 8
6 9
7 10
6 11
7 12
7 13
8 13
9 12
9 11
10 11
9 10
10 11
10 12
10 12
10 12
11 12
12 13
12 14
13 14
13 15
12 15
12 15
13 14
12 13
12 13
11 12
12 13
13 14
13 15
12 15
11 15
12 15
13 15
14 15
15 14
15 14
14 15
14 15
14 15
14 15
15 14
14 15
15 14
15 14
14 13
14 14
14 14
14 13
15 13
15 14
15 15
15 14
15 13
15 14
