60 90
12 18
15 20
18 15
20 25
15 22
25 18
22 12
18 28
12 30
28 15
30 20
15 35
20 16
35 22
16 40
22 18
40 15
18 25
15 30
25 20
30 28
20 22
28 35
22 16
35 24
16 42
24 19
42 15
19 30
15 25
30 22
25 32
22 18
32 40
18 14
40 28
14 20
28 35
20 16
35 22
16 38
22 18
38 25
18 20
25 42
20 15
42 28
15 22
28 30
22 19
30 45
19 16
45 24
16 35
24 20
35 38
20 18
38 22
18 30
22 25
30 40
25 15
40 28
15 22
28 32
22 18
32 45
18 14
45 25
14 35
25 20
35 42
20 16
42 22
16 30
22 28
30 19
28 48
19 15
48 24
15 38
24 20
38 30
20 18
30 22
18 35
22 25
35 40
25 16
40 28
16 22
28 32
22 18
32 45
18 15
45 30
15 20
30 35
20 25
35 42
25 16
42 22
16 28
22 38
28 19
38 50
19 15
50 24
15 32
24 20
32 40
20 18
40 22
18 30
22 25
30 35
25 20
35 45
20 16
45 28
16 22
28 38
22 18
38 25
18 42
25 15
42 30
15 22
30 35
22 19
35 48
19 16
48 24
16 40
24 20
40 28
20 18
28 22
18 32
22 25
32 45
25 15
45 30
15 20
30 38
20 22
38 28
22 18
28 35
18 25
35 40
25 16
40 22
16 30
22 42
30 19
42 24
19 35
24 20
35 45
20 18
45 22
18 28
22 32
28 15
32 50
15 20
50 25
20 38
25 22
38 30
22 18
30 35
18 40
35 25
40 16
25 42
16 22
42 28
22 18
28 45
18 15
45 30
15 24
30 35
24 20
35 22
20 48
22 16
48 28
16 32
28 19
32 55
19 15
55 20
15 40
20 25
40 30
25 18
30 22
18 42
22 35
42 16
35 24
16 45
24 20
45 28
20 18
28 22
18 38
22 25
38 40
25 16
40 30
16 22
30 35
22 19
35 48
19 16
48 25
16 32
25 20
32 45
20 18
45 22
18 28
22 30
28 15
30 50
15 20
50 25
20 35
25 22
35 40
22 18
40 28
18 15
28 42
15 24
42 30
24 19
30 55
19 16
55 22
16 38
22 20
38 25
20 45
25 18
45 22
18 30
22 28
30 16
28 48
16 20
48 35
20 22
35 42
22 18
42 25
18 32
25 20
32 50
20 15
50 28
15 40
28 22
40 18
22 30
18 35
30 25
35 45
25 16
45 30
16 22
30 38
22 19
38 24
19 55
24 16
55 20
16 42
20 25
42 30
25 18
30 22
18 48
22 16
48 35
16 20
35 40
20 22
40 28
22 18
28 32
18 25
32 45
25 16
45 30
16 22
30 38
22 19
38 24
19 50
24 16
50 28
16 35
28 22
35 40
22 18
40 25
18 30
25 42
30 20
42 22
20 48
22 16
48 28