200 100
45 35
50 40
35 55
40 30
55 45
30 60
45 50
60 35
50 65
35 40
65 55
40 30
55 70
30 45
70 60
45 35
60 75
35 50
75 40
50 65
40 55
65 70
55 30
70 45
30 80
45 60
80 35
60 50
35 85
50 40
85 55
40 45
55 90
45 30
90 60
30 50
60 65
50 35
65 70
35 55
70 75
55 40
75 80
40 45
80 85
45 30
85 90
30 50
90 65
50 35
65 70
35 55
70 75
55 40
75 80
40 45
80 85
45 30
85 90
30 50
90 65
50 35
65 70
35 55
70 75
55 40
75 80
40 45
80 85
45 30
85 90
30 50
90 65
50 35
65 70
35 55
70 75
55 40
75 80
40 45
80 85
45 30
85 90
30 50
90 65
50 35
65 70
35 55
70 75
55 40
75 80
40 45
80 85
45 30
85 90
30 50
90 65
50 35
65 70
35 55
70 75
55 40
75 80
40 45
80 85
45 30
85 90
30 50
90 65
50 35
65 70
35 55
70 75
55 40
75 80
40 45
80 85
45 30
85 90
30 50
90 65
50 35
65 70
35 55
70 75
55 40
75 80
40 45
80 85
45 30
85 90
30 50
90 65
50 35
65 70
35 55
70 75
55 40
75 80
40 45
80 85
45 30
85 90
30 50
90 65
50 35
65 70
35 55
70 75
55 40
75 80
40 45
80 85
45 30
85 90
30 50
90 65
50 35
65 70
35 55
70 75
55 40
75 80
40 45
80 85
45 30
85 90
30 50
90 65
50 35
65 70
35 55
70 75
55 40
75 80
40 45
80 85
45 30
85 90
30 50
90 65
50 35
65 70
35 55
70 75
55 40
75 80
40 45
80 85
45 30
85 90
30 50
90 65
50 35
65 70
35 55
70 75
55 40
75 80
40 45
80 85
45 30
85 90
30 50
90 65
50 35
65 70
35 55
70 75
55 40
75 80
40 45
80 85
45 30
85 90
30 50
90 65
50 35
65 70
35 55
70 75
55 40
75 80