80 120
15 25
20 35
12 18
25 30
18 22
30 15
22 28
35 20
28 14
40 25
14 32
25 18
32 22
18 40
22 15
40 18
15 38
18 25
38 20
25 30
20 35
30 22
35 28
22 42
28 16
42 24
16 45
24 19
45 22
19 32
22 28
32 25
28 35
25 40
35 30
40 20
30 45
20 28
45 15
28 38
15 22
38 18
22 32
18 25
32 20
25 42
20 16
42 24
16 35
24 30
35 19
30 48
19 22
48 25
22 30
25 35
30 28
35 40
28 22
40 32
22 18
32 45
18 15
45 28
15 20
28 38
20 25
38 30
25 22
30 42
22 16
42 35
16 24
35 40
24 19
40 22
19 32
22 28
32 25
28 18
25 45
18 20
45 30
20 35
30 22
35 28
22 40
28 15
40 32
15 25
32 38
25 18
38 22
18 30
22 35
30 25
35 42
25 16
42 24
16 45
24 20
45 22
20 28
22 32
28 19
32 48
19 25
48 30
25 22
30 35
22 40
35 18
40 32
18 15
32 28
15 20
28 38
20 24
38 45
24 22
45 25
22 30
25 35
30 28
35 42
28 16
42 19
16 40
19 22
40 32
22 18
32 25
18 30
25 22
30 48
22 15
48 28
15 35
28 20
35 38
20 25
38 30
25 22
30 42
22 16
42 24
16 45
24 19
45 22
19 32
22 28
32 25
28 35
25 40
35 30
40 20
30 22
20 38
22 18
38 45
18 15
45 28
15 25
28 32
25 20
32 42
20 16
42 24
16 35
24 30
35 19
30 22
19 48
22 25
48 30
25 35
30 28
35 40
28 22
40 32
22 18
32 45
18 20
45 25
20 38
25 22
38 30
22 35
30 42
35 16
42 24
16 28
24 45
28 19
45 22
19 32
22 25
32 30
25 40
30 18
40 35
18 22
35 28
22 48
28 15
48 20
15 38
20 25
38 30
25 22
30 42
22 16
42 24
16 35
24 45
35 22
45 25
22 28
25 32
28 19
32 30
19 40
30 15
40 28