150 150
40 45
35 50
45 30
50 55
30 60
55 40
60 25
40 65
25 70
65 35
70 30
35 75
30 42
75 40
42 55
40 60
55 45
60 50
45 65
50 35
65 70
35 30
70 55
30 40
55 75
40 25
75 60
25 45
60 65
45 35
65 50
35 70
50 30
70 42
30 55
42 60
55 40
60 75
40 35
75 65
35 50
65 45
50 70
45 30
70 55
30 40
55 60
40 65
60 25
65 70
25 35
70 75
35 42
75 50
42 55
50 45
55 60
45 65
60 30
65 70
30 40
70 55
40 35
55 75
35 50
75 45
50 60
45 65
60 25
65 70
25 30
70 42
30 55
42 60
55 40
60 75
40 35
75 65
35 50
65 45
50 70
45 30
70 55
30 40
55 60
40 65
60 25
65 70
25 35
70 75
35 42
75 50
42 55
50 45
55 60
45 65
60 30
65 70
30 40
70 55
40 35
55 75
35 50
75 45
50 60
45 65
60 25
65 70
25 30
70 42
30 55
42 60
55 40
60 75
40 35
75 65
35 50
65 45
50 70
45 30
70 55
30 40
55 60
40 65
60 25
65 70
25 35
70 75
35 42
75 50
42 55
50 45
55 60
45 65
60 30
65 70
30 40
70 55
40 35
55 75
35 50
75 45
50 60
45 65
60 25
65 70
25 30
70 42
30 55
42 60
55 40
60 75
40 35
75 65
35 50
65 45
50 70
45 30
70 55
30 40
55 60
40 65
60 25
65 70
25 35
70 75
35 42
75 50
42 55
50 45
55 60
45 65
60 30
65 70
30 40
70 55
40 35
55 75
35 50
75 45
50 60
45 65
60 25
65 70
25 30
70 42
30 55
42 60
55 40
60 75
40 35
75 65
35 50
65 45
50 70
45 30
70 55
30 40
55 60
40 65
60 25
65 70
25 35
70 75
35 42
75 50
42 55
50 45
55 60
45 65
60 30
65 70
30 40
70 55
40 35
55 75
35 50
75 45
50 60
45 65
60 25
65 70