100 100
5 7
8 12
15 10
6 9
12 15
9 8
7 11
14 6
10 13
11 9
13 7
4 6
8 10
16 8
7 14
9 12
5 10
12 8
6 11
10 7
14 9
11 12
13 10
8 15
7 13
9 6
15 11
6 14
12 9
10 8
14 12
11 7
13 11
5 9
8 11
16 7
7 10
9 13
12 14
10 6
14 8
11 10
13 9
6 12
8 7
15 9
7 12
9 10
12 11
10 14
14 7
11 8
13 12
5 8
8 13
16 9
7 9
9 7
12 10
10 11
14 13
11 14
13 8
6 10
8 9
15 12
7 8
9 14
12 7
10 9
14 11
11 6
13 13
5 11
8 14
16 10
7 15
9 9
12 12
10 10
14 10
11 9
13 7
6 13
8 8
15 8
7 7
9 11
12 13
10 12
14 14
11 11
13 10
5 12
8 10
16 11
7 11
9 8
12 9
10 13
14 9
11 13
13 14
6 8
8 12
15 13
7 10
9 12
12 8
10 7
14 12
11 10
13 9
5 13
8 7
16 12
7 14
9 10
12 11
10 8
14 11
11 12
13 8
6 9
8 11
15 7
7 9
9 13
12 10
10 14
14 8
11 7
13 11
5 14
8 9
16 13
7 12
9 7
12 14
10 9
14 10
11 8
13 12
6 7
8 13
15 10
7 13
9 9
12 12
10 10
14 7
11 14
13 9
5 7
8 8
16 14
7 8
9 14
12 9
10 11
14 13
11 9
13 10
6 14
8 10
15 9
7 11
9 8
12 13
10 12
14 9
11 11
13 13
5 8
8 12
16 8
7 10
9 11
12 10
10 7
14 12
11 13
13 7
6 10
8 9
15 11
7 12
9 7
12 11
10 13
14 10
11 8
13 14
5 9
8 11
16 9
7 7
9 12
12 8
10 9
14 11
11 10
13 8
6 11
8 7
15 12
7 9
9 10
12 12
10 14
14 7
11 12
13 11
5 10
8 13
16 10
7 14
9 8
12 9
10 10
14 14
11 7
13 9
6 12
8 8
15 8
7 13
9 11
12 10
10 8
14 9
11 9
13 12